2.184968221891426532e-01
3.164234671711172453e-01
4.421884812873230208e-01
5.904259280204746663e-01
7.448690480190427454e-01
8.885505818966814573e-01
1.001213332297629321e+00
1.078586480557713001e+00
1.122340847997345126e+00
1.144366729914315428e+00
1.153095361533579943e+00
1.158561054815235858e+00
1.158985545807290851e+00
1.161036576112517205e+00
1.160350685327674380e+00
1.161373159803950728e+00
1.161069444642754300e+00
1.161134033569169777e+00
1.161424070038881817e+00
1.160598426864234201e+00
1.161516465343135796e+00
1.160226454986937217e+00
1.161504012142611897e+00
1.160896928280916507e+00
1.161296981903419345e+00
1.161325090424448980e+00
1.160847740568253350e+00
1.161510783144334980e+00
1.160156883294577224e+00
1.161519087880838352e+00
1.160657887727976734e+00
1.161408923194743537e+00
1.161182924874675892e+00
1.161056472278842344e+00
1.161465611630018824e+00
1.160462176374768006e+00
1.161505785211272013e+00
1.160380095453509064e+00
1.161482080475186418e+00
1.161001975183449941e+00
