5.440836805278738419e-02
5.774239165131859336e-02
6.014541783815525317e-02
6.166231688176330300e-02
6.245987928262577288e-02
6.284630569634810926e-02
6.300588172985323310e-02
6.307659343662548601e-02
6.310035136275576884e-02
6.311760025085326464e-02
6.310791390113172639e-02
6.312437535129186705e-02
6.310760095248972579e-02
6.312501998224384625e-02
6.311721682772800102e-02
6.312175120728373556e-02
6.312312125938818186e-02
6.311474075683547180e-02
6.312549104737853745e-02
6.310403658579440134e-02
6.312553799492105766e-02
6.311396438118761776e-02
6.312356966942912762e-02
6.312120371652925332e-02
6.311799514147645174e-02
6.312496979957435417e-02
6.310876435446527433e-02
6.312532717106236757e-02
6.311010768263397575e-02
6.312478699636292490e-02
6.311872193933740216e-02
6.312066091263984768e-02
6.312388342141413144e-02
6.311289861616047048e-02
6.312554111209656149e-02
6.310570667040336923e-02
6.264663930073613440e-02
6.049506619486860054e-02
5.644343087818813609e-02
5.061554096314142825e-02
