6.220147094413239208e-02
1.191723287869834863e-01
2.050769456890137732e-01
3.155789625118955999e-01
4.410028076992176804e-01
5.611732906821081945e-01
6.603504330275439260e-01
7.287152388226402211e-01
7.701155768567918836e-01
7.915375272274363105e-01
8.022324576802972729e-01
8.057027954193726194e-01
8.083155646637824043e-01
8.078901935479777530e-01
8.093461838757644022e-01
8.088392706777595142e-01
8.094112167328737506e-01
8.092945597561467252e-01
8.091502446105278690e-01
8.095094037356448391e-01
8.086806418070201508e-01
8.095306894686702393e-01
8.087000028687000297e-01
8.095057105119517482e-01
8.091709277086412966e-01
8.092927825236363448e-01
8.094518694788070956e-01
8.088932161435756774e-01
8.095435657747764857e-01
8.084584706136630494e-01
8.095384254155360004e-01
8.090054270289305238e-01
8.094004351829034993e-01
8.093622503165952553e-01
8.090753581189127353e-01
8.095295455364716064e-01
8.085644430272191929e-01
8.095409905316354182e-01
8.088094881583817175e-01
8.094781458300059906e-01
