8.170131820105977494e-02
1.653391575181104578e-01
3.061416533789682592e-01
5.186996089916137143e-01
8.197537750864066775e-01
1.204368385282747367e+00
1.676507312601128952e+00
2.193440148963671898e+00
2.705624713522452929e+00
3.152852865878919886e+00
3.486888507466657572e+00
3.703031810863915751e+00
3.818809997141354273e+00
3.878521826063673572e+00
3.903510093024437300e+00
3.912819659789162685e+00
3.917293264620170135e+00
3.919737270100250193e+00
3.917805828105015209e+00
3.921184308805350849e+00
3.915452893861678163e+00
3.921321994000600775e+00
3.918378594148632210e+00
3.920733931301751074e+00
3.920296849240037851e+00
3.919171983527117931e+00
3.921244243267291818e+00
3.916656810440480641e+00
3.921323423840461952e+00
3.917353073679315401e+00
3.921096855826057048e+00
3.919649888094654866e+00
3.919913095082372845e+00
3.920981552946797066e+00
3.917776864036413453e+00
3.921350365538716076e+00
3.916163787078997149e+00
3.921302591926338899e+00
3.918847082305957574e+00
3.920501181185177764e+00
