8.282112738116942374e-02
1.046902343836419030e-01
1.263528523692182826e-01
1.450740593097636366e-01
1.587760783774138373e-01
1.672474282201693585e-01
1.718186337732218738e-01
1.741232103932080222e-01
1.750896689578343157e-01
1.754625353260878262e-01
1.756465966527979705e-01
1.757204054275924299e-01
1.756967303862709273e-01
1.757745688323708033e-01
1.756418714369869793e-01
1.757810931693479239e-01
1.756935525720544067e-01
1.757712656943070939e-01
1.757472368077696856e-01
1.757360056701151030e-01
1.757763485156710881e-01
1.756757951963701381e-01
1.757809382217781491e-01
1.756657872064446291e-01
1.757786466835853934e-01
1.757288464463237776e-01
1.757531592861641123e-01
1.757676595227475602e-01
1.757028787693184213e-01
1.757820542559803134e-01
1.756338168667037070e-01
1.757819283181092096e-01
1.757065222702276497e-01
1.757663226076967566e-01
1.757550552180539294e-01
1.757259737439680614e-01
1.757792369338936345e-01
1.756607622067834218e-01
1.757812724923261960e-01
1.740042225437391232e-01
