2.692295706132798450e-01
3.194628447963303031e-01
3.667642671851858993e-01
4.054283687251641899e-01
4.330988490748997610e-01
4.494036022069395897e-01
4.580742292308060404e-01
4.624757717400283519e-01
4.641976155179857733e-01
4.649666606961506687e-01
4.651902983907746369e-01
4.654363384177916396e-01
4.652215655050434551e-01
4.655098957637600066e-01
4.652550333239334202e-01
4.655140513816458103e-01
4.654065286199893792e-01
4.654497396416396593e-01
4.654964288172599995e-01
4.653239829818942019e-01
4.655269308155011720e-01
4.651842187699161135e-01
4.655256845877102645e-01
4.653551323790435790e-01
4.654836174993520759e-01
4.654678563570663896e-01
4.653816660623193435e-01
4.655218815230116602e-01
4.652194429367736417e-01
4.655258414658408617e-01
4.652937222162584763e-01
4.655076084744921294e-01
4.654297829900285177e-01
4.654296584083573163e-01
4.655073467536672283e-01
4.652915881731257142e-01
4.655259204871909362e-01
4.652230354128676360e-01
4.634932259926137776e-01
4.412378597362860422e-01
