9.954901911005921422e-02
1.584833749129321290e-01
2.450077929559746626e-01
3.620866282861027186e-01
4.865171269861212067e-01
6.002745925393544457e-01
6.881160853757154472e-01
7.474004597321973753e-01
7.803607236317939844e-01
7.956664866984781703e-01
8.041017509729122548e-01
8.066140423719981856e-01
8.085940600136287681e-01
8.080444036946279329e-01
8.094017269987897611e-01
8.084208928277575312e-01
8.094202331691855434e-01
8.090063861223669717e-01
8.091516796244242471e-01
8.093661893475039282e-01
8.086808665642911675e-01
8.095307679609234919e-01
8.082006134582708778e-01
8.095057225939793488e-01
8.088199978271795043e-01
8.092927843614506900e-01
8.092490191446345404e-01
8.088932164210388409e-01
8.094882533986454964e-01
8.083083539818362029e-01
8.095384254297385285e-01
8.085951387782881472e-01
8.094004351850055956e-01
8.091002233318959069e-01
8.090753581192218213e-01
8.094152921076077645e-01
8.085644430272643790e-01
8.095409905316506283e-01
8.083397911332507180e-01
8.094781458300081001e-01
