1.633562854931734087e-01
2.045240825319071531e-01
2.434107880536245938e-01
2.760040423212761773e-01
2.987507782632742859e-01
3.128499984754242735e-01
3.200678548274007995e-01
3.235478682115242588e-01
3.251942042247911724e-01
3.256550687103846875e-01
3.260554889025703007e-01
3.261167637255745766e-01
3.261106508079434363e-01
3.262503618867330091e-01
3.259855970949324666e-01
3.262861537437759529e-01
3.259856672091447360e-01
3.262625926918762409e-01
3.261365269154140600e-01
3.261858025772217951e-01
3.262357057075842004e-01
3.260566480362167008e-01
3.262832827845633110e-01
3.259118230029812158e-01
3.262790773129475297e-01
3.260826067557552888e-01
3.262229010495730774e-01
3.262022486614830075e-01
3.261145982101742447e-01
3.262704591252647002e-01
3.259540519006688952e-01
3.262869867101164112e-01
3.260204130430722769e-01
3.262516189664909083e-01
3.261605483306688757e-01
3.261641829235409351e-01
3.262493636771332528e-01
3.260245454619248862e-01
3.262865920992813473e-01
3.258326136185695776e-01
