3.526055842443695520e-01
5.021171902476215809e-01
6.908109549740700794e-01
9.134593610084289494e-01
1.147451320724839130e+00
1.373103139632343872e+00
1.558186533114408023e+00
1.692633070850243504e+00
1.771712259666156086e+00
1.812629478243262593e+00
1.828932406834405278e+00
1.840175131727568747e+00
1.840749040489632060e+00
1.845078831628050198e+00
1.843563276749340174e+00
1.845610004674755666e+00
1.844969624599553715e+00
1.845059151759325111e+00
1.845726819618948689e+00
1.843989259995358898e+00
1.846034597356867923e+00
1.843340174382678720e+00
1.845925912499342569e+00
1.844625528456067531e+00
1.845406627747907091e+00
1.845500520327646887e+00
1.844478577703507316e+00
1.845965070027393518e+00
1.843143291961243602e+00
1.846019261506301579e+00
1.844160788383408578e+00
1.845663545053218391e+00
1.845199794765503221e+00
1.844898766427655490e+00
1.845828508917213728e+00
1.843726168185793268e+00
1.846046808403723594e+00
1.843630408857996228e+00
1.845854975459706893e+00
1.844833406834061051e+00
