1.666317279489396563e-01
1.818661012897736240e-01
1.928544594792639122e-01
1.993027441828156832e-01
2.028421727692200360e-01
2.046187956562919297e-01
2.052700932475875206e-01
2.056479029995773034e-01
2.056739359098912756e-01
2.058395741132279799e-01
2.056936213206346786e-01
2.058655658258564947e-01
2.057809344543345687e-01
2.058439617440706026e-01
2.058366163900283707e-01
2.057944579002484453e-01
2.058675880369536249e-01
2.057201176352880800e-01
2.058747808912602117e-01
2.057547481192625038e-01
2.058581677293364887e-01
2.058180819179300514e-01
2.058175798321711103e-01
2.058581632194995681e-01
2.057528371447477078e-01
2.058747678596661856e-01
2.057229603812013863e-01
2.058676820709537669e-01
2.057955266664604210e-01
2.058367039565923984e-01
2.058449356662433727e-01
2.057816440460315810e-01
2.058709571595216392e-01
2.057023256821562673e-01
2.058733724355130135e-01
2.057692657577829820e-01
2.058519746952593155e-01
2.058279659282665763e-01
2.046106448060238947e-01
1.945960415532800580e-01
