1.314375487267729348e-01
2.220125372853386791e-01
3.787313689660303240e-01
6.210352006157494609e-01
9.552584787451147141e-01
1.373248997915513137e+00
1.856628506184394345e+00
2.378667806098154980e+00
2.871612938025587258e+00
3.286891148909564464e+00
3.580688559618299571e+00
3.758013044827963167e+00
3.846703882645758910e+00
3.887296157586882739e+00
3.908449452115926981e+00
3.912903231995519260e+00
3.918119503342111010e+00
3.918950798952502979e+00
3.917940279201154397e+00
3.920880695012109562e+00
3.915331979460718870e+00
3.921329403667351610e+00
3.916220591288844144e+00
3.920735089513532223e+00
3.918889911666651127e+00
3.919172162567869488e+00
3.920588939861834543e+00
3.916656837849327832e+00
3.921323433118066859e+00
3.914890660338232298e+00
3.921096857226654464e+00
3.917941273801946345e+00
3.919913095292199223e+00
3.920025601224785827e+00
3.917776864067632925e+00
3.921145206347427248e+00
3.914693763304674778e+00
3.921302591927879444e+00
3.916837042004731817e+00
3.920501181185404693e+00
