5.730436869569104363e-01
7.163455633231264885e-01
8.628447360867000926e-01
9.952842413196171245e-01
1.099567939505663228e+00
1.169316760339940142e+00
1.209585657570168005e+00
1.230649092978101100e+00
1.239114002008551374e+00
1.243868801778314825e+00
1.244716759981716825e+00
1.246412356086183504e+00
1.244990327431484634e+00
1.246834570760447125e+00
1.245764877813533289e+00
1.246690289706615884e+00
1.246408770104536101e+00
1.246247696274753514e+00
1.246790534611173840e+00
1.245551632897339056e+00
1.246925317746465200e+00
1.245475277488506061e+00
1.246815164614799798e+00
1.246193658866757037e+00
1.246460187389978769e+00
1.246669186769649329e+00
1.245860380411586421e+00
1.246901048097753151e+00
1.245120210976477182e+00
1.246888635914743526e+00
1.245935409098515523e+00
1.246631565521399532e+00
1.246508176071200236e+00
1.246129677826744331e+00
1.246837587547858561e+00
1.245383037256303282e+00
1.246922943315034171e+00
1.245638362360469875e+00
1.246763767912999699e+00
1.246308225170528639e+00
