1.701759369537625410e-01
2.749575165358527085e-01
4.333404052272071816e-01
6.574943770600643056e-01
9.563588624949160844e-01
1.328039784276810797e+00
1.809951287725344971e+00
2.327135208729065763e+00
2.828525587998526269e+00
3.256195448074125309e+00
3.558024212858199142e+00
3.746169707861012110e+00
3.840831664225198061e+00
3.885171994553095143e+00
3.907444019816181946e+00
3.912550167107177401e+00
3.917955332144011926e+00
3.918893805831448418e+00
3.917914072171875262e+00
3.920871661245380668e+00
3.915327862354740507e+00
3.921327992217900515e+00
3.916220110823747103e+00
3.920734871628904550e+00
3.918889837814619526e+00
3.919172129286696116e+00
3.920588928618052638e+00
3.916656832817922762e+00
3.921323431421859684e+00
3.914890659769814096e+00
3.921096856972489775e+00
3.917941273716945449e+00
3.919913095254374369e+00
3.920025601212156818e+00
3.917776864062037401e+00
3.921145206345563405e+00
3.914693763303850549e+00
3.921302591927606329e+00
3.916837042004640335e+00
3.920501181185364281e+00
