8.188753510003857761e-01
1.023113942913122854e+00
1.239326183425974115e+00
1.445981464282523277e+00
1.619344924772402772e+00
1.738487085660856968e+00
1.815006565732214971e+00
1.853719979331789114e+00
1.875083410544006846e+00
1.881599375086033810e+00
1.886847778100854356e+00
1.885806505361600882e+00
1.888986610761221874e+00
1.887026218260928978e+00
1.889082501829654648e+00
1.888282507635618668e+00
1.888494392699529678e+00
1.889035600865384579e+00
1.887455723682811115e+00
1.889367659386921527e+00
1.886599486148611060e+00
1.889291972017518306e+00
1.887898794024470472e+00
1.888810783960420014e+00
1.888794309425009033e+00
1.887924884348888277e+00
1.889285257003219920e+00
1.886635159031845532e+00
1.889371153734932252e+00
1.887427543283750841e+00
1.889051894403354082e+00
1.888484622498304955e+00
1.888327764116091378e+00
1.889137466692704104e+00
1.887199438708266452e+00
1.889385416813170293e+00
1.886891748372651723e+00
1.889228207417533278e+00
1.888110248899350418e+00
1.888665966230248960e+00
