2.367457792427297703e-01
2.932560869912109736e-01
3.476722618678679266e-01
3.919859723071661417e-01
4.228567195604607809e-01
4.417507533157092880e-01
4.514316797116810220e-01
4.566398390250432371e-01
4.584908117901675961e-01
4.595414181991052671e-01
4.596017583375844873e-01
4.600984524634674222e-01
4.595741929215005350e-01
4.601778526685336157e-01
4.598694270677780582e-01
4.601108042675524090e-01
4.600622440251965206e-01
4.599533958990013049e-01
4.601725393166951616e-01
4.597148086715620030e-01
4.602033149600384121e-01
4.597777548996759278e-01
4.601548670361901849e-01
4.599972664850666138e-01
4.600271132829298892e-01
4.601383048816235499e-01
4.598199667740962560e-01
4.602005553880316735e-01
4.596680725002584844e-01
4.601837636030405299e-01
4.599188615507319722e-01
4.600877390748949747e-01
4.600913280700561492e-01
4.599123561367713942e-01
4.601851274837942540e-01
4.596575542032074191e-01
4.601999790349611263e-01
4.598279232104804937e-01
4.601356663144987591e-01
4.600317636423673640e-01
