1.319878952255730264e-01
2.010079821210139506e-01
2.941385834851596992e-01
4.046925274092011970e-01
5.208527576925627844e-01
6.269109362394585938e-01
7.117519550596212996e-01
7.683436886072048111e-01
8.004418576405999408e-01
8.157119953389391220e-01
8.233863285514541053e-01
8.263933161841042763e-01
8.278165382522579829e-01
8.279226857065876688e-01
8.287221052966706747e-01
8.276989770758629295e-01
8.288795467513410120e-01
8.280401379490910374e-01
8.287688883229699099e-01
8.285050506630203815e-01
8.284704567218040827e-01
8.287916941139411575e-01
8.279977546357588647e-01
8.289046102602494193e-01
8.278160702742650701e-01
8.288446413822321279e-01
8.283436016253727940e-01
8.286121788122607912e-01
8.286983751116588914e-01
8.282076785754481918e-01
8.288802757910580521e-01
8.276317405968138807e-01
8.288893589136796525e-01
8.281533147593088673e-01
8.287258382430764403e-01
8.285772092926639854e-01
8.283900884394358455e-01
8.288282602371719321e-01
8.278826435423288777e-01
8.289064537182493364e-01
