2.834754242950222602e-01
3.104558956630130151e-01
3.293219152029855934e-01
3.413269226747754348e-01
3.474554842587325720e-01
3.506200892236118749e-01
3.519903103754874474e-01
3.525176129475378062e-01
3.527496246159576021e-01
3.529228262008189954e-01
3.527635300594235690e-01
3.530187944844158099e-01
3.526727909453480914e-01
3.530195750498014706e-01
3.528400631711747226e-01
3.529617553062797675e-01
3.529545286546607596e-01
3.528512159479750832e-01
3.530180151485197704e-01
3.526887397482005859e-01
3.530305442468010257e-01
3.527809828917139456e-01
3.529918761730397314e-01
3.529150795035800314e-01
3.529017596698604819e-01
3.529987549628523791e-01
3.527599720865082222e-01
3.530316662434676567e-01
3.527133108382998761e-01
3.530135043296546149e-01
3.528674713228525661e-01
3.529439951995239078e-01
3.529713580477252810e-01
3.528229004703466454e-01
3.530246139922546544e-01
3.526500179570878357e-01
3.530269162083167767e-01
3.528118188558979629e-01
3.529779765793695789e-01
3.481979141139142642e-01
