4.608945393501418519e-01
6.434457636079583542e-01
8.772053379059143730e-01
1.147633416471392165e+00
1.441211372070011265e+00
1.726296344403092986e+00
1.965063289825396575e+00
2.147081179654332761e+00
2.256194910371502882e+00
2.315885177173866438e+00
2.343203255374906036e+00
2.354743903951465267e+00
2.360820984160296732e+00
2.362666945080620806e+00
2.362945962355634144e+00
2.364593704122432083e+00
2.361931268330549116e+00
2.365053133640464988e+00
2.361958228974624596e+00
2.364823563814755669e+00
2.363527312444792639e+00
2.364035365382621823e+00
2.364553080467107993e+00
2.362711033047825815e+00
2.365042514607890833e+00
2.361197415666892674e+00
2.364996971584555130e+00
2.362969844668998842e+00
2.364417355583675828e+00
2.364207910738310492e+00
2.363304939450564301e+00
2.364911082418666322e+00
2.361661489439392358e+00
2.365079348358316125e+00
2.362324954854694070e+00
2.364713222181748176e+00
2.363776854139969075e+00
2.363813740595620327e+00
2.364694013680290308e+00
2.362382459373872479e+00
