1.195367285615745456e-01
1.870123068929950283e-01
2.767510757591215564e-01
3.806106529818588102e-01
4.870007770036153261e-01
5.798912634393489363e-01
6.494898197399403550e-01
6.934758004210812565e-01
7.175424923125339749e-01
7.291878352207548097e-01
7.335068051003805767e-01
7.365037732487416111e-01
7.367678187830558612e-01
7.377225274535340604e-01
7.376127589182746025e-01
7.377497389134719530e-01
7.379164929610211310e-01
7.374485693560520749e-01
7.380007565167124861e-01
7.371211710936631523e-01
7.379976515895415590e-01
7.375680785552352070e-01
7.378802063115590393e-01
7.378584837555089981e-01
7.376073738431541127e-01
7.379928947899664360e-01
7.371799166678193460e-01
7.380015560753837578e-01
7.374084160468244997e-01
7.379459973528171846e-01
7.377610956610387571e-01
7.377351174124870958e-01
7.379578404012919757e-01
7.373694125803326171e-01
7.379987664307079420e-01
7.372236846988542425e-01
7.379868825227483553e-01
7.376387376176032351e-01
7.378380793803761550e-01
7.378978505485989103e-01
