3.140612788925677412e-01
4.259302065502399426e-01
5.633463781457345165e-01
7.161846985135261745e-01
8.718297908509838878e-01
1.008168342468476419e+00
1.111983286839924867e+00
1.178221252403410801e+00
1.215053907205226658e+00
1.233369199264864324e+00
1.240346254396400782e+00
1.244611076621715329e+00
1.244821245094853479e+00
1.246538402685586355e+00
1.245659426189190899e+00
1.246826900917136660e+00
1.246391856375378415e+00
1.246614559648298481e+00
1.246787866461512406e+00
1.246115677816618916e+00
1.246924902662671197e+00
1.245475134655568361e+00
1.246922079548189677e+00
1.246193637002513510e+00
1.246758076244782742e+00
1.246669183454680585e+00
1.246349233547490831e+00
1.246901047599349166e+00
1.245695579799549035e+00
1.246919292995272821e+00
1.245935409073374300e+00
1.246853081160427923e+00
1.246508176067480989e+00
1.246542156727906914e+00
1.246837587547310999e+00
1.245986410323585813e+00
1.246922943314954013e+00
1.245638362360443230e+00
1.246908917718202225e+00
1.246308225170524864e+00
