1.247070290677223386e-01
1.470492874652236659e-01
1.673664958244678036e-01
1.832172342197016801e-01
1.940919106246689063e-01
2.001628985974616970e-01
2.033421494935665486e-01
2.048538719725550294e-01
2.053671339431951404e-01
2.057073202383102317e-01
2.056777278338602355e-01
2.058486576860667772e-01
2.057733559556027270e-01
2.058631512952611153e-01
2.058354266248099695e-01
2.058351941679634478e-01
2.058674040511596914e-01
2.057801969336454373e-01
2.058747527934397803e-01
2.057547383960799114e-01
2.058731733242818163e-01
2.058180804547817266e-01
2.058513017139597390e-01
2.058581630011697972e-01
2.058054150554248229e-01
2.058747678273271375e-01
2.057353349812843235e-01
2.058752488579684847e-01
2.057955266648386627e-01
2.058629236543806362e-01
2.058449356660065621e-01
2.058266633600800144e-01
2.058709571594872223e-01
2.057662812923023721e-01
2.058735213369937977e-01
2.057692657577813444e-01
2.058707150691607701e-01
2.058279659282663265e-01
2.047983226047785654e-01
1.951697648799993468e-01
