2.404018300481741421e-01
3.567831184761286467e-01
5.138652366501478275e-01
7.137271968721826676e-01
9.459087964634625978e-01
1.187083567285841301e+00
1.410071615127008071e+00
1.590669736811894941e+00
1.710572752021145559e+00
1.781863124219324357e+00
1.816546662326476547e+00
1.834475704487362968e+00
1.839214699861120073e+00
1.844117296963223129e+00
1.843222871869944157e+00
1.845709645142037170e+00
1.844914446274039221e+00
1.845603098073294701e+00
1.845718038131698435e+00
1.844871552362213007e+00
1.846033220780100903e+00
1.843697360811782371e+00
1.846046574622870251e+00
1.844625455577277862e+00
1.845846895963782597e+00
1.845500509213284568e+00
1.845237489849371082e+00
1.845965068350625016e+00
1.844219699758384179e+00
1.846019261258864397e+00
1.844160788298466302e+00
1.845976150750237021e+00
1.845199794747246491e+00
1.845530354094160552e+00
1.845828508920194233e+00
1.844675734754509966e+00
1.846046808412487694e+00
1.843630408846238078e+00
1.846039776848614533e+00
1.844833406841996037e+00
