1.264042614489805094e-01
1.662263127456731771e-01
2.090977761128794965e-01
2.488958843978778812e-01
2.804914366885123966e-01
3.023944628709451243e-01
3.148028447430597510e-01
3.212438036052919221e-01
3.241597829442223189e-01
3.252581981203496730e-01
3.259215927413490754e-01
3.260511179716542030e-01
3.261630797493415557e-01
3.262397800377355717e-01
3.261026255643361682e-01
3.262844809115053035e-01
3.259850806288642766e-01
3.262862801171971250e-01
3.261364361836762704e-01
3.262503029155968681e-01
3.262356918407514073e-01
3.261618902572125944e-01
3.262832806868656288e-01
3.260212177659448929e-01
3.262868082335524944e-01
3.260826066477613971e-01
3.262711837619196031e-01
3.262022486454385084e-01
3.262035515984524903e-01
3.262704591228419715e-01
3.260837638199075017e-01
3.262869867097430432e-01
3.260204130430298108e-01
3.262836650769704860e-01
3.261605483305679565e-01
3.262368557633543165e-01
3.262493636773297623e-01
3.261379454323457550e-01
3.262865920996738667e-01
3.259868097771487228e-01
