1.615232563317270109e-01
2.701321650776685734e-01
4.353257823046833841e-01
6.687678016152359683e-01
9.754996365839982975e-01
1.358322701266938104e+00
1.789003488236659001e+00
2.235631959319814399e+00
2.650223379753368302e+00
2.990752416612807441e+00
3.218198682530538868e+00
3.352948996537143067e+00
3.416595516576290681e+00
3.451906536801584213e+00
3.461674382200790046e+00
3.470082902534686653e+00
3.467429541324177578e+00
3.473067642523766096e+00
3.470513303391185911e+00
3.473159127994805750e+00
3.472456473696017287e+00
3.472041420717832061e+00
3.473437663150175325e+00
3.470046270954297629e+00
3.473575494714152612e+00
3.469769600192998293e+00
3.473495526791834376e+00
3.471875661622187970e+00
3.472630142074426995e+00
3.473159240309136031e+00
3.470948703993141926e+00
3.473621201327892649e+00
3.468697267400881579e+00
3.473612708913862868e+00
3.471132051293243759e+00
3.473074440939687424e+00
3.472744476356224297e+00
3.471718993365956685e+00
3.473534931607505261e+00
3.469549617819774667e+00
