2.057654664693173707e-01
3.292168552966190931e-01
5.102679690242888366e-01
7.612801776303268486e-01
1.085770795322070548e+00
1.486581583501441983e+00
1.932932835255848580e+00
2.399144127800393989e+00
2.830756223115684200e+00
3.183852024398534208e+00
3.426359833931384991e+00
3.568951510714221786e+00
3.637071655437028372e+00
3.672306732403506579e+00
3.685452422262495809e+00
3.691981497609531093e+00
3.692037994099616416e+00
3.695999162535049898e+00
3.690711070688157847e+00
3.696665451905765121e+00
3.692613563444365088e+00
3.696066985011136286e+00
3.694879351652559762e+00
3.694548605700852306e+00
3.696264612772590663e+00
3.692168362358169365e+00
3.696788406903128266e+00
3.691509417597984122e+00
3.696454626904657648e+00
3.694091592313127670e+00
3.695265465985585696e+00
3.695815919326840948e+00
3.693223531720009500e+00
3.696682177085198528e+00
3.690332182942515971e+00
3.696690947400071092e+00
3.693161638552018289e+00
3.695843631385825834e+00
3.695229163949802498e+00
3.694142441668485599e+00
