1.816158713415386705e-01
2.386658196232840090e-01
2.989058014325337020e-01
3.535872694634767943e-01
3.974172641638545889e-01
4.276165186074953328e-01
4.446515776114690621e-01
4.533509343224967347e-01
4.569295702987719032e-01
4.589673999813022043e-01
4.593359724939358180e-01
4.600025107390205426e-01
4.595398386316442152e-01
4.601622506545757219e-01
4.598638968280441275e-01
4.601083189852844813e-01
4.600613700292054409e-01
4.599530065543468993e-01
4.601724032643361162e-01
4.597147485157230262e-01
4.602032940486152079e-01
4.597777476605092173e-01
4.601548638568115357e-01
4.599972653889672913e-01
4.600271128040412383e-01
4.601383047169756990e-01
4.598199667025742454e-01
4.602005553634435642e-01
4.596680724919539607e-01
4.601837635994304732e-01
4.599188615499200661e-01
4.600877390741361372e-01
4.600913280699971408e-01
4.599123561364867885e-01
4.601851274841931017e-01
4.596575542032322326e-01
4.601999790349187158e-01
4.598279232107430059e-01
4.601356663139660741e-01
4.600317636426307644e-01
