1.563223173266645727e-01
2.343008939132373014e-01
3.345028703075424992e-01
4.480178111109327510e-01
5.632352162066380785e-01
6.625945085015929603e-01
7.359139155781653230e-01
7.826599199049135702e-01
8.077550968148484722e-01
8.193032267900698384e-01
8.247296619791331107e-01
8.270270589015495943e-01
8.280471249294670821e-01
8.280293033760637300e-01
8.287603338151252608e-01
8.277164083936997541e-01
8.288857334974373270e-01
8.280423187317654810e-01
8.287698707991439928e-01
8.285053945734422998e-01
8.284706103397878607e-01
8.287917475772191844e-01
8.279977783665511959e-01
8.289046184793773531e-01
8.278160731070116629e-01
8.288446426342569451e-01
8.283436020551310230e-01
8.286121790007300314e-01
8.286983751761745065e-01
8.282076786036014493e-01
8.288802758006702520e-01
8.276317406009897626e-01
8.288893589151019592e-01
8.281533147597912592e-01
8.287258382432860504e-01
8.285772092927348176e-01
8.283900884394664876e-01
8.288282602371819241e-01
8.278826435423333185e-01
8.289064537182505576e-01
