2.028264063182899923e-01
2.443249869530048357e-01
2.820489052986484557e-01
3.115224801356012430e-01
3.308808003594175262e-01
3.425551204644646797e-01
3.480984978724369072e-01
3.510661794103425715e-01
3.520713309197999741e-01
3.526758478764964733e-01
3.526502206269568895e-01
3.529781301632897716e-01
3.526582959053074506e-01
3.530130371393147004e-01
3.528377540574592630e-01
3.529607236239346024e-01
3.529541669295303552e-01
3.528510556161907341e-01
3.530179592664016708e-01
3.526887151475890381e-01
3.530305357145072098e-01
3.527809799429091342e-01
3.529918748833643094e-01
3.529150790595545484e-01
3.529017594766166721e-01
3.529987548965370370e-01
3.527599720577745401e-01
3.530316662336345779e-01
3.527133108349441715e-01
3.530135043282058294e-01
3.528674713223593495e-01
3.529439951993116331e-01
3.529713580476531720e-01
3.528229004703158367e-01
3.530246139922442183e-01
3.526500179570834503e-01
3.530269162083153889e-01
3.528118188558973523e-01
3.529779765793694679e-01
3.481979141139141531e-01
