4.274107933132986759e-01
5.873482850410826073e-01
7.855569386774041707e-01
1.012486315606569098e+00
1.246502372170471551e+00
1.462429042690616132e+00
1.637696198852978569e+00
1.753385165529022904e+00
1.824136369866580676e+00
1.859696693393130040e+00
1.877666965525500720e+00
1.881466344542727986e+00
1.887425111020766932e+00
1.886472206272096219e+00
1.888824953611500934e+00
1.888192090157511105e+00
1.888452835720919154e+00
1.889021128084621859e+00
1.887449134949388041e+00
1.889365379463197048e+00
1.886598702330873012e+00
1.889291617660599387e+00
1.887898672781604281e+00
1.888810729516850806e+00
1.888794290871124826e+00
1.887924876067370139e+00
1.889285254190367747e+00
1.886635157783166816e+00
1.889371153311984353e+00
1.887427543141217523e+00
1.889051894340222582e+00
1.888484622477077490e+00
1.888327764106731310e+00
1.889137466689562395e+00
1.887199438706886223e+00
1.889385416812708218e+00
1.886891748372497624e+00
1.889228207417465555e+00
1.888110248899327770e+00
1.888665966230238746e+00
