3.128249211549459785e-01
4.597370920646668413e-01
6.555780507919868327e-01
8.987737890692266696e-01
1.186985101226315509e+00
1.486833664295166724e+00
1.770702979203439886e+00
2.008071899621496570e+00
2.171985064877102189e+00
2.272454942338209882e+00
2.321707634500050244e+00
2.346876255187425819e+00
2.357076527354085460e+00
2.361332151191286588e+00
2.362322248485727805e+00
2.364374196931462446e+00
2.361829984126540882e+00
2.365017797706660208e+00
2.361945994932526993e+00
2.364817971137067598e+00
2.363525387897288610e+00
2.364034492668543930e+00
2.364552781640556933e+00
2.362710898498219692e+00
2.365042468726630265e+00
2.361197400112169831e+00
2.364996964614452857e+00
2.362969842313244140e+00
2.364417354527303949e+00
2.364207910389649392e+00
2.363304939293192408e+00
2.364911082369873352e+00
2.361661489419483839e+00
2.365079348365326073e+00
2.362324954858402215e+00
2.364713222192972086e+00
2.363776854145471340e+00
2.363813740601472091e+00
2.364694013689899510e+00
2.362382459373880028e+00
