2.487132644476724441e-01
3.726258645872407294e-01
5.432162007590713992e-01
7.671281210820244389e-01
1.039584430324853814e+00
1.337074001418595337e+00
1.639394827692331802e+00
1.903274264392335047e+00
2.105158802460473488e+00
2.232129703942415500e+00
2.302285021580800173e+00
2.339054731683155364e+00
2.354062188442941128e+00
2.359998696313639233e+00
2.362579685452839140e+00
2.364154726232260195e+00
2.362981543553366315e+00
2.364982462725071954e+00
2.361933761005295729e+00
2.365060940103329568e+00
2.363523463352640075e+00
2.364697907728305015e+00
2.364552482814076928e+00
2.363789927713549233e+00
2.365042422845370584e+00
2.362348362794866929e+00
2.365078377679432631e+00
2.362969839957489437e+00
2.364915243934586631e+00
2.364207910040989180e+00
2.364218284769807443e+00
2.364911082321080826e+00
2.362988871723572526e+00
2.365079348372335133e+00
2.362324954862110360e+00
2.365044623346595376e+00
2.363776854150972717e+00
2.364561051862517971e+00
2.364694013699509156e+00
2.363544422854045646e+00
