1.929189477204814596e-01
3.100522934271824349e-01
4.852616880457599202e-01
7.288726075073513888e-01
1.046220797842728478e+00
1.442909719757226705e+00
1.890490802229755740e+00
2.355022818946568730e+00
2.793488606960593756e+00
3.158426003869597931e+00
3.409784988213087065e+00
3.560476002967822851e+00
3.634396546231522862e+00
3.670623207326528803e+00
3.685833908305733875e+00
3.691703302013551014e+00
3.693492056518604016e+00
3.695954416510706775e+00
3.692894307345537364e+00
3.696658378924231769e+00
3.692611148929778153e+00
3.696667222792031637e+00
3.694878977035558787e+00
3.695815614900237911e+00
3.696264555295394327e+00
3.694099366957824149e+00
3.696788398165864020e+00
3.691530655390701909e+00
3.696788537208581360e+00
3.694091591872637359e+00
3.696266312397998632e+00
3.695815919261045135e+00
3.694889304584688006e+00
3.696682177075432119e+00
3.692660182558298754e+00
3.696757642921205456e+00
3.693161638551540449e+00
3.696577925107298768e+00
3.695229163949731443e+00
3.695542538706708235e+00
