3.076352156781673730e-01
4.358896550363693945e-01
6.041038272381911156e-01
8.106992577689142720e-01
1.042502334596087543e+00
1.281951145446925899e+00
1.496369410067881045e+00
1.662729987795037889e+00
1.773441292579165829e+00
1.835424519896722284e+00
1.866046100096662608e+00
1.877167081835373841e+00
1.885404458364616120e+00
1.885749644897498856e+00
1.888727033373564845e+00
1.888073980234825422e+00
1.888937779206655510e+00
1.889002204623663639e+00
1.888292723577488452e+00
1.889362396207573624e+00
1.887170187661160847e+00
1.889385359916591955e+00
1.887898513998023997e+00
1.889220795030822853e+00
1.888794266560010593e+00
1.888650572331630251e+00
1.889285250503113467e+00
1.887675754219003021e+00
1.889371152757351346e+00
1.887427542954274395e+00
1.889335675114081292e+00
1.888484622449223327e+00
1.888927306130082195e+00
1.889137466685437916e+00
1.888114181340733833e+00
1.889385416812101148e+00
1.886897062347559162e+00
1.889385595074446478e+00
1.888110248899298016e+00
1.889139254026865666e+00
