1.646170152075558391e-01
2.068181617080196988e-01
2.493122052016628343e-01
2.866019626199519665e-01
3.152002395879368035e-01
3.338951778870801190e-01
3.440949418340172872e-01
3.491878880359762238e-01
3.512974861304534180e-01
3.523541310338804133e-01
3.526162031289519772e-01
3.529250447280950498e-01
3.527105666367498227e-01
3.530154552592926764e-01
3.528347346779786564e-01
3.530100374557630927e-01
3.529536935755040461e-01
3.529416783908568278e-01
3.530178860928363527e-01
3.528198893796375413e-01
3.530305245359943722e-01
3.527809760786976834e-01
3.530264372586868760e-01
3.529150784774346961e-01
3.529764728403426144e-01
3.529987548095643857e-01
3.528750068407444096e-01
3.530316662207338974e-01
3.527218252404930587e-01
3.530320628098302937e-01
3.528674713217117564e-01
3.530026267870555734e-01
3.529713580475584700e-01
3.529217880236939497e-01
3.530246139922302295e-01
3.527893160566553110e-01
3.530295029064159928e-01
3.528118188558966861e-01
3.530205554120933176e-01
3.487353368182789515e-01
