1.477023990520016095e-01
2.233858270905309251e-01
3.216634629493223541e-01
4.351563793391070023e-01
5.518222268868118174e-01
6.538297231775470619e-01
7.301061336001775093e-01
7.794181291829603841e-01
8.061493271428109564e-01
8.188204929842842761e-01
8.244476469015852294e-01
8.271087514592161405e-01
8.280002193774792518e-01
8.283184714464584264e-01
8.287527438152941794e-01
8.281513530545232538e-01
8.288845288781895304e-01
8.280418975633315748e-01
8.288851909457498612e-01
8.285053291396852204e-01
8.287204074106315765e-01
8.287917375322453317e-01
8.283815583687424988e-01
8.289046169535281283e-01
8.278707384619240495e-01
8.289062519639053273e-01
8.283436019766510228e-01
8.288082880248059947e-01
8.286983751644803053e-01
8.285379313906375831e-01
8.288802757989393033e-01
8.280956577183179457e-01
8.288970968921813842e-01
8.281533147597053279e-01
8.288681831909967546e-01
8.285772092927221610e-01
8.286667343750843129e-01
8.288282602371802588e-01
8.282931603038018453e-01
8.289064537182503356e-01
