1.533075672929012090e-01
2.071978079295668795e-01
2.679020866556735547e-01
3.271600392804813739e-01
3.783346409014942680e-01
4.148489936058669114e-01
4.380462643277906465e-01
4.501517833303656513e-01
4.555801788630632898e-01
4.583943343203470411e-01
4.592452449828933192e-01
4.599065962927896822e-01
4.596868865249467140e-01
4.601553037297237969e-01
4.598583666826391303e-01
4.601753406229172616e-01
4.600604960356149964e-01
4.600838688304302315e-01
4.601722672120364122e-01
4.599078622350445955e-01
4.602032731371932806e-01
4.597777404213426178e-01
4.601994598888104471e-01
4.599972642928680799e-01
4.601335700311114940e-01
4.601383045523277371e-01
4.599883551488805344e-01
4.602005553388553993e-01
4.597637356027010624e-01
4.602036506762672841e-01
4.599188615491082155e-01
4.601694417705902707e-01
4.600913280699381325e-01
4.600559669059571810e-01
4.601851274845920048e-01
4.598631147130812225e-01
4.601999790348763053e-01
4.598279232110057957e-01
4.601926288308324509e-01
4.600317636428940538e-01
